4 8

10171
9958
9925
9695
9462
9270
9140
8928
8626
8333
8090
7764
7544
7387
7178
6900
6628
6320
6208
6353
6278
6171
6043
5961
5858
5524
5385
5204
5122
5116
4997
4873
4703
4416
4381
4390
4397
4409
4400
4406
4398
4386
4380
4394
4399
4403
4407
4386
4383
4408
4396
4389
4371
4381
4386
4309
4404
4289
4445
4450
4336
4366
4292
4339
4345
4350
4335
4285
4321
4468
4308
4349
4301
4344
4477
4296
4358
4343
4387
4307
4448
4290
4334
4321
4466
4347
4307
4354
4382
4377
4388
4308
4451
4326
4262
4304
4344
4294
4284
4289
4301
4377
4312
4302
4590
4308
4379
4368
4286
4288
4446
4293
4382
4317
4304
4339
4301
4443
4551
4512
4469
4376
4487
4513
4426
4421
4329
4284
4292
4303
4368
4315
4386
4331
4303
4428
4389
4309
4305
4487
4288
4294
4297
4444
4446
4482
4464
4293
4321
4315
4293
4297
4303
4301
4300
4304
4294
4294
4294
4295
4305
4300
4311
4308
4350
4494
4425
4368
4464
4504
4461
4419
4471
4341
4326
4363
4325
5239
4682
4630
4515
4547
4499
4313
4304
4336
4304
4295
4298
4301
4458
4437
4434
4357
4355
4363
4408
4527
4466
4358
4586
4593
4427
4403
4467
4514
4469
4424
4363
4420
4509
4494
4419
4534
4567
4540
4544
4570
4493
4362
4396
4509
4406
4276
4750
5155
5199
4989
4675
4431
4403
4399
4397
4392
4402
4386
4400
4380
4402
4394
4374
4475
4386
4385
4397
4388
4395
4394
4427
4522
4480
4332
4337
4334
4394
4343
4301
4306
4409
4511
4475
4413
4300
4500
4422
4427
4353
4415
4347
4397
4370
4563
4411
4560
4407
4576
4387
4359
4537
4526
4461
4470
4487
4442
4427
4424
4563
4449
4452
4435
4636
4563
4466
4479
4505
4599
4395
4393
4408
4459
4370
4357
4446
4422
4419
4467
4440
4504
4481
4583
4504
4495
4597
4475
4304
4468
4502
4379
4292
4295
4308
4289
4303
4300
4292
4425
4359
4563
4411
4414
4371
4381
4369
4359
4439
4359
4485
4483
4447
4408
4559
4560
4360
4351
4438
4422
4415
4417
4403
4434
4452
4362
4367
4364
4524
4365
4365
4372
4371
4359
4359
4408
4421
4511
4629
4617
4463
4442
4480
4608
4614
4427
4363
4473
4465
4426
4490
4606
4614
4575
4525
4465
4549
4625
4575
4417
4440
4409
4415
4413
4423
4426
4421
4411
4436
4351
4359
4363
4409
4355
4373
4420
4498
4420
4449
4435
4372
4602
4573
4483
4416
4581
4499
4479
4374
4414
4498
4486
4419
4387
4308
4299
4304
4336
4371
4508
4307
4299
4382
4431
4281
4290
4332
4301
4309
4300
4556
4445
4480
4420
4622
4454
4424
4360
4417
4465
4422
4572
4443
4429
4422
4431
4453
4463
4499
4462
4417
4380
4414
4325
4341
4439
4312
4518
4510
4456
4418
4416
4502
4478
4464
4457
4466
4471
4415
4539
4493
4425
4450
4419
4416
4413
4445
4454
4586
4530
4433
4447
4515
4446
4404
4286
4358
4342
4296
4316
4446
4451
4447
4452
4352
4348
4302
4395
4328
4435
4497
4877
4966
4932
4766
4650
4400
4445
4563
4378
4383
4634
4705
4723
4422
4359
4390
4385
4369
4385
4376
4367
4366
4379
4378
4379
4374
4392
4383
4391
4379
4389
4388
4375
4386
4381
4372
4361
4296
4318
4280
4328
4291
4313
4323
4320
4276
4518
4434
4296
4342
4290
4297
4290
4288
4464
4420
4590
4513
4402
4402
Total threads number: 567
10232
10294
10762
10955
11168
11528
11382
11351
11127
10853
10583
10367
10304
10213
9987
9808
9617
9361
9026
8858
8623
8455
8298
8127
7899
7601
7176
6832
6476
6167
5993
5794
5656
5306
5051
4662
4302
4302
4289
4294
4301
4308
4309
4300
4318
4360
4355
4294
4303
4574
4518
4567
4559
4573
4618
4531
4549
4490
4396
4528
4444
4373
4365
4422
4371
4363
4462
4493
4411
4457
4359
4373
4377
4423
4349
4370
4355
4352
4365
4455
4364
4378
4401
4369
4410
4526
4556
4594
4448
4364
4440
4548
4544
4534
4515
4284
4318
4377
4331
4322
4289
4323
4281
4295
4350
4461
4347
4340
4303
4517
4413
4451
4397
4503
4458
4408
4364
4436
4444
4395
4436
4367
4475
4453
4551
4457
4455
4550
4463
4479
4536
4398
4363
4366
4398
4397
4458
4479
4465
4631
4497
4350
4343
4338
4298
4329
4328
4305
4351
4339
4338
4446
4404
4523
4587
4601
4541
4388
4398
4424
4467
4442
4531
4400
4411
4401
4364
4374
4421
4368
4445
4433
4358
4408
4450
4442
4409
4471
4462
4410
4518
4405
4367
4454
4477
4465
4358
4366
4407
4445
4432
4460
4412
4398
4456
4462
4508
4407
4410
4452
4407
4436
4408
4449
4465
4417
4431
4410
4399
4432
4459
4377
4365
4450
4332
4424
4498
4519
4350
4390
4375
4323
4392
4385
4492
4506
4470
4333
4322
4348
4402
4435
4379
4506
4457
4459
4514
4443
4456
4441
4447
4484
4440
4407
4408
4389
4401
4449
4482
4555
4530
4485
4546
4405
4401
4368
4360
4351
4357
4363
4409
4516
4580
4505
4558
4475
4517
4489
4465
4456
4364
4403
4455
4412
4358
4346
4365
4367
4438
4448
4491
4587
4643
4622
4717
4533
4515
4625
4634
4646
4491
4441
4440
4449
4454
4403
4365
4397
4400
4367
4410
4407
4370
4362
4463
4500
4405
4418
4409
4480
4410
4397
4368
4470
4448
4424
4464
4541
4493
4413
4420
4501
4436
4456
4360
4420
4477
4512
4454
4405
4519
4437
4476
4335
4344
4317
4403
4499
4496
4442
4485
4337
4317
4333
4287
4494
4408
4543
4432
4572
4517
4396
4402
4451
4429
4407
4470
4489
4571
4599
4451
4432
4369
4358
4373
4523
4678
4742
4754
4603
4618
4484
4387
4332
4374
4451
4291
4305
4287
4375
4365
4453
4456
4452
4346
4343
4344
4423
4349
4338
4519
4446
4460
4536
4573
4611
4777
5059
5091
4990
4796
4581
4597
4599
4576
4519
4457
4431
4385
4344
4417
4398
4733
5807
6500
7115
6896
6644
6484
6224
5977
5726
5474
5230
4947
4644
4398
4394
4412
4385
4277
4373
4564
4490
4541
4552
4414
4365
4485
4444
4434
4404
4436
4438
4445
4467
4375
4583
4481
4445
4527
4508
4411
4463
4408
4463
4428
4401
4459
4458
4433
4472
4406
4372
4375
4403
4407
4414
4471
4422
4501
4491
4555
4428
4424
4396
4402
4406
4483
4466
4408
4452
4375
4467
4508
4413
4384
4370
4298
4332
4446
4358
4361
4366
4555
4514
4512
4503
4588
4633
4595
4500
4489
4451
4376
4368
4426
4522
4360
4496
4510
4445
4420
4496
4490
4446
4444
4495
4472
4430
4406
4471
4585
4520
4589
4586
4560
4507
4563
4573
4538
4530
4610
4499
4429
4343
4300
4288
4306
4300
4300
4287
4300
4342
4471
4469
4488
4458
4333
4403
4348
4431
4432
Total threads number: 553
9537
9466
9263
9442
9285
9396
9407
9275
9293
9183
9091
9055
8983
8678
8367
8141
7937
7905
7827
7735
7553
7421
7263
7221
7163
7152
7048
6898
6690
6612
6518
6542
6284
6102
5803
5682
5504
5293
5139
4955
4744
4501
4500
4405
4399
4392
4395
4484
4531
4477
4411
4415
4452
4405
4414
4410
4446
4425
4547
4466
4442
4423
4450
4466
4410
4446
4456
4472
4458
4467
4583
4496
4403
4393
4336
4327
4339
4265
4260
4346
4431
4308
4471
4346
4351
4393
4432
4449
4358
4401
4484
4555
4355
4493
4505
4542
4531
4542
4519
4519
4452
4446
4422
4454
4454
4405
4570
4472
4459
4482
4454
4462
4494
4391
4410
4464
4457
4426
4409
4440
4452
4447
4658
4434
4502
4634
4576
4434
4382
4400
4434
4400
4555
4632
4781
4803
4797
4701
4544
4530
4493
4489
4530
4418
4362
4346
4405
4400
4358
4401
4357
4357
4484
4439
4419
4478
4513
4520
4449
4569
4454
4524
4499
4403
4425
4426
4413
4450
4536
4447
4445
4489
4436
4565
4554
4525
4366
4353
4552
4549
4674
4791
5061
5332
5560
5355
5522
6516
7498
7868
7976
8084
8093
8253
8446
8436
8547
8544
8636
8705
8660
8638
8765
8575
8487
8356
8264
8105
7974
7842
7742
7613
7549
7538
7395
7298
7142
6975
6717
6476
6247
5973
5681
5468
5273
5077
4865
4634
4391
4400
4378
4381
4370
4374
4382
4361
4371
4368
4373
4367
4377
4369
4364
4368
4376
4378
4370
4366
4498
4471
4458
4448
4438
4443
4454
4557
4392
4397
4395
4509
4380
4497
4509
4578
4622
4565
4476
4448
4568
4465
4497
4441
4620
4443
4425
4364
4508
4588
4607
4575
4566
4517
4415
4440
4393
4425
4408
4450
4395
4456
4296
4386
4443
4399
4384
4269
4337
4311
4286
4435
4359
4356
4267
4433
4393
4351
4234
4262
4344
4440
4429
4319
4466
4428
4310
4318
4438
4314
4471
4329
4393
4322
4430
4324
4323
4392
4429
4492
4413
4506
4640
4548
4370
4403
4347
4448
4459
4423
4560
4531
4469
4356
4413
4493
4471
4517
4473
4478
4437
4372
4369
4544
4526
4450
4553
4623
4641
4491
4440
4510
4484
4464
4339
4342
4285
4279
4330
4386
4352
4261
4275
4350
4445
4341
4508
4281
4572
4422
4490
4469
4362
4395
4398
4463
4435
4397
4356
4348
4354
4409
4414
4481
4445
4393
4357
4387
4445
4603
4495
4490
4496
4465
4350
4271
4268
4332
4311
4360
4293
4367
4313
4501
4433
4399
4585
4500
4403
4630
4615
4494
4412
4406
4396
4517
4359
4359
4462
4403
4395
4413
4419
4385
4391
4487
4409
4445
4413
4449
4439
4524
4400
4517
4435
4399
4365
4398
4409
4516
4576
4562
4577
4648
4458
4639
4620
4586
4560
4448
4445
4527
4478
4556
4566
4541
4397
4360
4362
4390
4460
4421
4504
4472
4589
4510
4437
4274
4273
4267
4287
4456
4311
4305
4362
4304
4391
4398
4367
4477
4423
4337
4264
4266
4299
4273
4281
4516
4514
4443
4443
4433
4348
4318
4430
4307
4282
4477
4440
4306
4270
4267
4425
4313
4364
4572
4755
4844
4735
4563
4460
4363
4313
4271
4354
4303
4316
4407
4391
4437
4477
4398
4363
4494
4371
4370
4361
4372
4355
4371
4348
4365
4356
4372
4389
4375
4387
4381
4377
4410
4375
4375
4375
4370
4361
4368
4366
Total threads number: 555
10036
9726
9894
9813
9612
9548
9337
9100
8805
8522
8350
8050
7875
7700
7572
7407
7264
7086
6949
6733
6392
6286
6180
5968
5752
5619
5469
5434
5234
4900
4749
4473
4308
4334
4284
4293
4300
4278
4330
4347
4339
4296
4338
4350
4333
4296
4294
4299
4403
4321
4297
4330
4340
4308
4321
4349
4339
4495
4287
4295
4330
4408
4449
4466
4524
4457
4329
4340
4296
4466
4305
4344
4289
4339
4390
4427
4292
4344
4331
4327
4301
4447
4298
4289
4295
4283
4425
4290
4355
4385
4342
4411
4598
4382
4346
4330
4295
4345
4382
4512
4542
4369
4463
4512
4294
4304
4336
4302
4463
4448
4517
4515
4508
4383
4296
4419
4291
4334
4377
4336
4294
4470
4422
4427
4326
4324
4455
4451
4462
4464
4433
4377
4302
4307
4304
4459
4305
4394
4500
4330
4325
4337
4298
4509
4391
4313
4305
4304
4296
4411
4286
4295
4284
4326
4325
4502
4472
4397
4467
4419
4447
4419
4450
4364
4452
4384
4290
4352
4394
4333
4301
4353
4516
4373
4429
4279
4421
4340
4371
4375
4555
4529
4435
4372
4585
4389
4287
4410
4448
4408
4298
4302
4298
4287
4302
4290
4443
4524
4297
4326
4341
4378
4321
4331
4334
4345
4412
4412
4383
4480
4368
4351
4374
4501
4517
4363
4468
4309
4472
4305
4386
4286
4383
4451
4294
4293
4307
4331
4335
4340
4442
4289
4309
4291
4293
4302
4336
4334
4391
4417
4302
4286
4452
4489
4347
4335
4335
4328
4288
4294
4348
4339
4375
4314
4439
4479
4379
4339
4461
4465
4481
4515
4494
4437
4355
4292
4312
4301
4331
4290
4334
4380
4378
4357
4339
4332
4330
4429
4329
4284
4297
4297
4324
4320
4327
4336
4341
4313
4493
4679
4811
4962
4811
4798
4496
4328
4381
4346
4381
4460
4468
4424
4425
4305
4331
4330
4346
4353
4378
4312
4343
4335
4339
4407
4356
4347
4336
4347
4375
4339
4346
4339
4448
4361
4332
4365
4303
4374
4374
4330
4380
4333
4339
4294
4430
4289
4285
4331
4409
4336
4377
4295
4298
4299
4340
4466
4341
4300
4334
4325
4343
4335
4298
4337
4412
4503
4505
4380
4465
4454
4466
4302
4327
4288
4302
4363
4337
4450
4337
4395
4375
4384
4296
4423
4340
4337
4492
4349
4377
4373
4368
4413
4282
4294
4347
4339
4311
4306
4286
4339
4300
4353
4327
4298
4341
4298
4339
4328
4346
4423
4500
4340
4305
4356
4335
4299
4337
4323
4294
4293
4338
4328
4290
4356
4362
4308
4463
4313
4459
4376
4290
4294
4325
4377
4293
4295
4422
4381
4461
4375
4294
4287
4332
4388
4496
4519
4474
4344
4345
4357
4349
4418
4479
4374
4457
4442
4346
4355
4350
4357
4345
4418
4337
4375
4344
4408
4464
4429
4294
4391
4393
4331
4295
4449
4335
4325
4420
4328
4292
4286
4460
4499
4387
4473
4459
4467
4467
4383
4344
4340
4449
4459
4422
4297
4354
4441
4333
4497
4424
4434
4346
4302
4305
4328
4508
4386
4449
4311
4449
4329
4279
4333
4330
4294
4486
4342
4419
4353
4340
4325
4432
4449
4435
4346
4343
4361
4523
4558
4521
4517
4574
4492
4360
4366
4455
4281
4344
4349
4407
4339
4351
4461
4328
4302
4426
4481
4388
4329
4305
4308
4333
4393
4339
4459
4299
4340
4299
4346
4334
4330
4339
4416
4390
4514
4415
4303
4293
4290
4379
4417
4425
4415
Total threads number: 562
9841
9496
9526
9465
9483
9286
9000
8725
8463
8177
7885
7815
7642
7390
7154
6998
6717
6458
6185
5942
5717
5405
5271
4996
4711
4525
4399
4326
4321
4354
4321
4306
4302
4318
4311
4348
4467
4354
4312
4320
4348
4423
4363
4317
4309
4519
4316
4355
4384
4388
4354
4311
4344
4352
4311
4392
4561
4388
4429
4484
4457
4300
4511
4390
4776
5296
5307
5150
5056
4743
4450
4304
4345
4435
4431
4449
4441
4538
4458
4406
4415
4429
4410
4401
4410
4410
4409
4402
4404
4411
4411
4399
4433
4347
4313
4301
4351
4356
4400
4326
4360
4522
4313
4388
4351
4313
4297
4356
4360
4328
4360
4320
4354
4351
4465
4403
4429
4485
4506
4344
4322
4322
4311
4308
4310
4318
4296
4301
4312
4379
4487
4361
4380
4313
4365
4360
4511
4479
4483
4483
4386
4357
4361
4533
4476
4473
4353
4389
4363
4497
4314
4353
4384
4356
4374
4350
4412
4321
4330
4318
4489
4345
4361
4349
4313
4310
4410
4300
4320
4311
4306
4450
4299
4304
4346
4385
4302
4389
4362
4403
4316
4320
4302
4481
4351
4382
4461
4389
4346
4374
4360
4349
4403
4314
4357
4459
4303
4321
4303
4352
4397
4348
4411
4331
4314
4311
4311
4467
4309
4301
4348
4349
4297
4346
4345
4391
4478
4488
4518
4481
4488
4433
4302
4381
4436
4351
4317
4329
4519
4353
4552
4618
4705
4845
4807
4649
4448
4526
4557
4395
4358
4353
4350
4420
4361
4349
4356
4365
4359
4360
4498
4480
4465
4463
4462
4435
4442
4459
4600
4472
4477
4546
4463
4472
4404
4425
4428
4420
4411
4426
4407
4416
4408
4400
4405
4438
4418
4389
4407
4410
4400
4388
4571
4397
4396
4400
4402
4397
4408
4397
4358
4311
4311
4460
4381
4344
4473
4465
4381
4493
4344
4405
4327
4336
4309
4584
4580
4425
4307
4357
4390
4361
4394
4387
4504
4502
4470
4461
4422
4350
4382
4361
4388
4364
4354
4342
4524
4405
4351
4309
4358
4353
4391
4345
4640
4781
4623
4332
4364
4316
4390
4314
4422
4348
4486
4380
4520
4353
4390
4313
4453
4349
4352
4395
4308
4296
4305
4297
4299
4306
4329
4460
4511
4462
4366
4459
4307
4313
4350
4375
4353
4323
4306
4450
4467
4482
4459
4346
4444
4350
4309
4325
4359
4324
4301
4307
4320
4313
4350
4490
4515
4520
4438
4342
4311
4341
4419
4297
4347
4296
4351
4354
4492
4413
4308
4348
4366
4308
4343
4310
4345
4344
4348
4313
4375
4316
4310
4330
4317
4435
4414
4335
4312
4310
4382
4384
4519
4450
4343
4550
4510
4464
4478
4460
4507
4412
4371
4347
4375
4357
4347
4352
4562
4485
4480
4398
4468
4400
4403
4401
4403
4406
4401
4507
4397
4412
4413
4417
4415
4570
4639
4533
4445
4432
4395
4404
4342
4307
4423
4428
4480
4516
4450
4313
4477
4351
4299
4339
4298
4343
4308
4332
4515
4444
4414
4438
4343
4568
4319
4310
4303
4307
Total threads number: 492
9737
9621
9747
10185
10423
10341
10255
10206
9996
9811
9683
9448
9207
9051
9003
8764
8583
8458
8372
8270
8042
7804
7548
7233
7073
6859
6595
6227
6085
5857
5536
5216
4853
4488
4487
4314
4327
4307
4305
4347
4308
4290
4323
4451
4473
4502
4387
4375
4611
4317
4348
4393
4340
4357
4511
4420
4334
4550
4326
4339
4325
4318
4420
4344
4336
4436
4378
4390
4334
4352
4372
4315
4305
4451
4328
4310
4336
4330
4306
4329
4305
4354
4389
4351
4426
4481
4483
4354
4416
4496
4349
4304
4300
4296
4299
4305
4313
4306
4357
4348
4351
4327
4305
4455
4292
4309
4333
4413
4389
4349
4300
4355
4343
4502
4466
4449
4375
4355
4458
4429
4297
4366
4342
4358
4392
4299
4302
4330
4352
4375
4338
4470
4403
4299
4298
4305
4305
4291
4334
4332
4437
4302
4343
4613
4791
4651
4532
4488
4309
4436
4470
4468
4467
4367
4372
4345
4520
4344
4346
4483
4518
4461
4430
4416
4578
4575
4439
4497
4581
4530
4822
5014
5299
5400
5111
4913
4618
4435
4437
4384
4397
4382
4391
4381
4399
4399
4414
4375
4563
4509
4568
4567
4579
4553
4591
4522
4477
4375
4377
4482
4479
4532
4464
4490
4375
4377
4376
4326
4294
4478
4337
4322
4295
4418
4371
4350
4297
4302
4294
4329
4298
4422
4380
4368
4367
4413
4619
4621
4479
4389
4390
4427
4411
4385
4380
4389
4561
4457
4423
4459
4490
4463
4507
4658
4845
4753
4557
4383
4440
4453
4462
4493
4371
4442
4291
4375
4365
4404
4368
4373
4377
4417
4376
4378
4377
4412
4380
4378
4391
4433
4405
4524
4464
4503
4542
4314
4299
4314
4331
4415
4419
4337
4361
4384
4385
4322
4446
4334
4419
4454
4415
4533
4630
4669
4577
4479
4472
4411
4467
4554
4284
4288
4330
4365
4437
4366
4430
4364
4301
4350
4316
4451
4356
4363
4349
4363
4383
4379
4383
4404
4329
4364
4292
4338
4323
4331
4313
4334
4404
4411
4423
4416
4321
4302
4373
4490
4391
4702
4548
4538
4566
4534
4426
4377
4378
4335
4339
4469
4349
4389
4388
4291
4289
4405
4381
4373
4374
4409
4381
4384
4391
4428
4385
4388
4502
4530
4380
4385
4375
4410
4391
4385
4384
4365
4322
4288
4290
4339
4359
4299
4335
4449
4414
4419
4421
4442
4455
4380
4420
4517
4500
4500
4477
4502
4613
4504
4462
4408
4409
4409
4381
4480
4427
4497
4442
4425
4426
4324
4332
4456
4294
4333
4311
4481
4408
4455
4373
4289
4346
4386
4340
4390
4363
4278
4339
4372
4336
4485
4369
4286
4283
4419
4402
4420
4514
4486
4664
4615
4690
4718
4778
4694
4561
4490
4528
4441
4439
4425
4387
4375
4471
4530
4483
4542
4529
4447
4438
4454
4418
4455
4326
4355
4322
4297
4429
4410
4368
4383
4555
4578
4539
4497
4433
4455
4286
4443
4452
4460
4536
4446
4366
4287
4453
4366
4468
4406
4656
4572
4537
4646
4732
4463
4296
4423
4404
4304
Total threads number: 496
9957
9846
10558
10624
10675
10738
10577
10624
10580
10673
10788
10530
10320
10283
10168
9899
9889
9886
9862
9750
9727
9535
9382
9201
8880
8629
8374
8182
7967
7757
7437
7075
6756
6401
6069
5631
5411
5041
4688
4360
4432
4508
4495
4373
4384
4299
4323
4467
4513
4435
4338
4323
4283
4295
4305
4333
4299
4351
4328
4510
4369
4350
4335
4338
4423
4358
4695
4772
4812
4716
4555
4483
4470
4376
4319
4465
4598
4562
4344
4341
4458
4372
4387
4339
4458
4326
4469
4402
4417
4337
4516
4335
4333
4339
4345
4339
4340
4462
4350
4336
4333
4455
4288
4255
4294
4311
4385
4338
4315
4301
4494
4369
4348
4417
4331
4367
4367
4409
4561
4428
4373
4369
4328
4440
4412
4342
4301
4507
4386
4302
4367
4342
4383
4291
4412
4376
4354
4344
4345
4372
4322
4316
4458
4453
4394
4466
4334
4373
4396
4331
4302
4504
4440
4335
4382
4427
4400
4418
4376
4470
4330
4333
4355
4462
4506
4430
4503
4476
4472
4429
4351
4340
4341
4390
4368
4294
4407
4426
4311
4334
4344
4390
4432
4288
4508
4515
4365
4346
4331
4378
4351
4776
4927
5248
5214
5131
5077
4834
4626
4403
4409
4388
4378
4379
4374
4395
4403
4403
4391
4389
4584
4433
4391
4395
4387
4432
4408
4343
4676
4669
4378
4337
4375
4386
4345
4381
4474
4517
4292
4324
4308
4431
4393
4296
4297
4465
4322
4280
4282
4281
4381
4484
4382
4499
4512
4494
4587
4445
4531
4370
4477
4391
4482
4340
4333
4300
4296
4361
4348
4379
4493
4579
4452
4468
4420
4350
4293
4355
4312
4312
4426
4378
4434
4414
4414
4300
4302
4293
4289
4410
4402
4382
4312
4278
4327
4329
4339
4503
4377
4361
4341
4298
4464
4277
4304
4280
4414
4372
4375
4285
4434
4342
4293
4354
4303
4290
4334
4347
4290
4298
4332
4397
4529
4519
4617
4439
4327
4358
4296
4344
4428
4408
4459
4296
4293
4443
4370
4458
4490
4371
4296
4332
4371
4322
4484
4371
4305
4489
4424
4368
4342
4289
4404
4318
4310
4453
4450
4379
4523
4521
4397
4506
4463
4371
4329
4321
4575
4329
4334
4478
4484
4516
4453
4413
4363
4298
4292
4289
4437
4454
4405
4330
4480
4407
4529
4504
4478
4460
4384
4427
4397
4393
4398
4381
4383
4400
4404
4385
4395
4385
4399
4393
4375
4405
4300
4461
4455
4499
4364
4524
4459
4324
4329
4414
4340
4290
4289
4314
4325
4429
4534
4555
4477
4337
4373
4342
4290
4465
Total threads number: 418
9938
10074
10392
10446
10666
10758
10710
10490
10536
10377
10007
9771
9426
9174
8963
8833
8610
8411
8259
8066
7790
7466
7138
6786
6607
6443
6191
5960
5809
5437
5082
4731
4410
4312
4303
4510
4509
4498
4521
4510
4454
4347
4287
4284
4324
4335
4466
4342
4288
4425
4292
4285
4343
4309
4292
4293
4332
4546
4376
4332
4284
4329
4328
4332
4332
4340
4311
4299
4304
4295
4321
4291
4290
4293
4399
4413
4442
4427
4407
4296
4324
4412
4405
4470
4433
4463
4412
4277
4345
4330
4328
4350
4338
4293
4336
4358
4504
4441
4335
4435
4281
4289
4292
4352
4379
4321
4292
4298
4451
4404
4423
4421
4294
4295
4317
4406
4379
4351
4290
4292
4288
4288
4548
4444
4432
4456
4468
4369
4340
4287
4285
4480
4586
4297
4455
4453
4387
4385
4511
4413
4493
4422
4406
4456
4320
4338
4362
4328
4324
4480
4297
4329
4417
4493
4449
4345
4507
4355
4384
4298
4360
4533
4298
4510
4514
4376
4361
4293
4292
4369
4383
4373
4442
4441
4386
4475
4435
4615
4509
4496
4364
4386
4606
4467
4448
4444
4423
4349
4419
4346
4336
4308
4300
4324
4314
4344
4430
4363
4339
4446
4381
4297
4376
4379
4407
4333
4297
4355
4401
4371
4446
4419
4296
4350
4473
4379
4308
4292
4365
4378
4301
4375
4400
4294
4463
4297
4288
4282
4303
4512
4541
4522
4514
4379
4340
4444
4326
4368
4329
4334
4288
4329
4363
4338
4295
4337
4380
4344
4333
4304
4500
4446
4414
4466
4345
4381
4341
4318
4454
4466
4509
4456
4294
4336
4348
4331
4343
4453
4406
4440
4402
4326
4343
4328
4298
4435
4406
4410
4397
4385
4340
4370
4333
4288
4411
4408
4454
4450
4456
4512
4457
4384
4513
4566
4516
4391
4330
4335
4318
4349
4382
4369
4283
4333
4324
4291
4348
4298
4284
4504
4378
4352
4340
4302
4382
4328
4335
4462
4502
4522
4326
4370
4498
4309
4332
4328
4459
4594
4604
4484
4515
4402
4347
4334
4461
4411
4406
4327
4319
4291
4330
4470
4489
4445
4459
4477
4421
4495
4338
4419
4626
4613
4491
4438
4287
4290
4569
4873
5196
5142
5001
4851
4624
4398
4387
4387
4387
4386
4386
4386
4396
4414
4403
4398
4431
4401
4588
4513
4411
4388
4401
4372
4447
4416
4496
4479
4293
4325
4307
4331
4345
4349
4338
4344
4522
4388
4393
4297
4302
4309
4310
4450
4471
4498
4447
4349
4336
4515
4470
4385
4388
4643
4594
4408
4455
4451
4405
4296
4287
4319
4343
4283
4338
4376
4392
4336
4301
4552
4444
4367
4289
4363
4404
4344
4334
4465
4528
4593
4470
4393
4439
4316
4351
4427
4420
4359
4403
4368
4446
4512
4509
4448
4467
4382
4456
4457
4428
4498
4492
4333
4290
4330
4449
4315
4328
4374
4307
4305
4307
4441
4323
4287
4299
4305
4304
4304
4305
4277
4396
4278
4315
4469
4482
4317
4315
4343
4343
4446
4376
4538
4368
4310
4298
4345
4326
4366
4406
4460
4312
4313
4344
4337
4493
4451
4456
4329
4317
4297
4331
4380
4395
4334
4462
4432
4324
4325
4404
4331
4336
4332
4401
4280
4358
4284
4467
4465
4458
4491
4461
4381
4381
4387
4421
4356
4355
4459
4366
4447
4412
4339
4287
4299
4296
4332
4467
4314
4294
4404
4326
4315
4344
4385
4496
4361
4334
4381
4348
4297
4306
4300
4297
4448
4342
4453
4388
4296
4459
4471
4502
4456
4376
4341
4376
4410
4498
4406
4362
4447
4417
4453
4450
4416
Total threads number: 582
9616
9512
9671
9654
9373
9199
8980
8826
8622
8293
7963
7747
7602
7424
7273
7126
6910
6578
6390
6174
5949
5733
5356
5018
4684
4327
4290
4344
4324
4282
4332
4384
4492
4417
4461
4472
4321
4330
4358
4334
4280
4291
4493
4365
4367
4485
4612
4372
4423
4435
4291
4291
4337
4286
4306
4300
4301
4394
4407
4295
4291
4330
4341
4418
4294
4293
4483
4508
4500
4402
4293
4295
4451
4468
4449
4458
4424
4334
4332
4342
4336
4432
4326
4280
4296
4287
4289
4287
4284
4283
4302
4298
4309
4449
4490
4363
4322
4359
4335
4342
4307
4332
4306
4344
4507
4320
4325
4324
4377
4302
4302
4446
4454
4541
4734
4852
4765
4701
4575
4374
4319
4406
4422
4373
4299
4285
4401
4288
4338
4294
4292
4288
4361
4326
4509
4446
4362
4271
4461
4324
4321
4333
4460
4427
4463
4330
4295
4344
4325
4435
4338
4450
4456
4360
4301
4300
4301
4301
4320
4301
4327
4427
4287
4281
4335
4369
4450
4480
4503
4377
4370
4296
4340
4544
4393
4322
4331
4324
4286
4288
4427
4478
4337
4324
4490
4326
4328
4343
4325
4413
4342
4411
4367
4299
4334
4355
4464
4458
4420
4332
4457
4460
4331
4362
4316
4298
4332
4502
4312
4418
4409
4321
4443
4285
4324
4406
4490
4422
4439
4450
4277
4290
4377
4322
4324
4403
4368
4356
4452
4332
4451
4439
4330
4450
4416
4290
4315
4318
4333
4412
4405
4383
4326
4432
4452
4456
4410
4386
4350
4369
4294
4375
4291
4298
4293
4292
4268
4292
4298
4325
4331
4503
4524
4541
4355
4308
4305
4331
4288
4330
4320
4328
4443
4446
4445
4374
4336
4285
4287
4402
4293
4342
4313
4316
4446
4419
4360
4326
4329
4324
4278
4497
4330
4326
4282
4296
4297
4321
4360
4513
4438
4414
4327
4452
4290
4328
4364
4284
4444
4465
4474
4466
4487
4432
4331
4368
4290
4331
4323
4317
4331
4294
4300
4305
4290
4337
4503
4294
4297
4324
4437
4323
4284
4273
4286
4278
4284
4366
4358
4318
4322
4367
4333
4323
4441
4348
4358
4614
4620
4417
4495
4437
4426
4410
4411
4578
4517
4443
4447
4424
4396
4373
4460
4451
4448
4370
4407
4466
4492
4407
4406
4437
4413
4467
4573
4507
4466
4443
4365
4368
4369
4431
4408
4438
4431
4377
4335
4408
4387
4335
4372
4425
4445
4463
4367
4302
4369
4287
4363
4282
4285
4417
4488
4408
4440
4358
4400
4447
4745
4975
5115
5039
4779
4793
4580
4379
4390
4407
4398
4383
4489
4446
4493
4454
4464
4448
4471
4442
4387
4389
4373
4381
4361
4371
4378
4392
4424
4400
4379
4563
4529
4513
4445
4466
4433
4522
4530
4516
4524
4511
4527
4453
4456
4451
4352
4414
4419
4364
4346
4390
4442
4578
4576
4557
4516
4545
4591
4658
4444
4363
4404
4367
4419
4432
4419
4350
4364
4398
4431
4396
4448
4393
4356
4354
4520
4406
4513
4593
4500
4510
4408
4389
4355
4359
4361
4352
4395
4359
4565
4520
4528
4508
4421
4518
4570
4633
4645
4503
4454
4482
4511
4354
4295
4296
4280
4287
4282
4274
Total threads number: 518
9580
9780
9925
9971
9877
9650
9555
9615
9508
9243
9324
9219
9370
9312
9482
9638
9789
9671
9450
9248
9012
8777
8461
8145
7803
7653
7355
7162
6923
6697
6437
6120
5810
5591
5334
5097
4816
4591
4399
4398
4385
4392
4394
4388
4350
4379
4397
4391
4391
4381
4397
4387
4374
4378
4498
4362
4315
4299
4584
4473
4347
4439
4302
4293
4298
4303
4404
4380
4327
4310
4295
4461
4451
4336
4376
4353
4301
4302
4453
4382
4379
4371
4305
4499
4478
4370
4370
4413
4376
4341
4312
4394
4397
4408
4372
4394
4319
4492
4455
4417
4316
4300
4301
4310
4389
4302
4301
4309
4310
4495
4440
4515
4525
4313
4363
4313
4309
4310
4293
4467
4402
4350
4299
4294
4299
4357
4316
4467
4414
4394
4291
4472
4426
4300
4305
4292
4632
4601
4413
4298
4349
4359
4474
4311
4479
4422
4370
4293
4457
4303
4326
4353
4312
4576
4483
4282
4317
4297
4322
4294
4283
4488
4422
4344
4454
4299
4510
4398
4378
4624
4577
4508
4452
4416
4299
4425
4303
4420
4543
4523
4395
4463
4376
4338
4309
4375
4583
4537
4327
4342
4342
4324
4317
4336
4516
4453
4387
4299
4382
4374
4321
4311
4306
4425
4444
4450
4289
4296
4310
4301
4464
4365
4495
4385
4386
4306
4352
4362
4340
4468
4416
4366
4349
4338
4376
4485
4451
4600
4422
4432
4316
4418
4291
4305
4302
4295
4446
4386
4329
4331
4371
4381
4509
4446
4455
4413
4367
4425
4469
4496
4520
4374
4343
4460
4468
4456
4350
4374
4461
4389
4301
4380
4425
4290
4291
4290
4372
4431
4413
4384
4390
4396
4382
4386
4381
4395
4402
4388
4395
4399
4386
4554
4518
4475
4407
4393
4404
4374
4359
4369
4336
4462
4386
4338
4325
4444
4412
4325
4340
4329
4380
4353
4292
4286
4305
4288
4292
4348
4322
4738
4891
4863
4651
4338
4367
4436
4391
4507
4634
4634
4446
4462
4460
4521
4331
4324
4406
4397
4394
4392
4394
4382
4397
4409
4408
4396
4392
4510
4418
4412
4386
4376
4397
4399
4401
4368
4459
4287
4292
4377
4342
4391
4314
4312
4444
4287
4293
4284
4307
4317
4345
4337
4327
4341
4290
4338
4338
4460
4383
4310
4354
4342
4307
4305
4292
4297
4304
4301
4295
4301
4298
4288
4309
4301
4340
4297
4314
4306
4299
4298
4305
4290
4308
4312
4345
4275
4538
4472
4464
4470
4536
4456
4295
4378
4505
4295
4299
4376
4327
4420
4294
4287
4488
4340
4292
4294
4296
4325
4309
4293
4418
4485
4333
4414
4304
4307
4387
4349
4293
4469
4337
4301
4288
4375
4405
4339
4310
4543
4490
4456
4415
4314
4383
4336
4301
4452
4375
4300
4364
4452
4314
4386
4305
4424
4580
4327
4302
4307
4481
4358
4304
4304
4486
4352
4299
4383
4479
4393
4304
4311
4633
4529
4455
4330
4310
4427
4304
4383
4467
4387
4384
4384
4346
4507
4405
4292
4315
4415
4346
4449
4318
4416
4347
4355
4558
4514
4396
4385
4382
4330
4386
4395
4334
4474
4534
4461
4385
4419
4420
4380
4299
4335
4377
4449
4458
4337
4500
4511
4519
4421
4455
4427
4401
4392
4383
4402
4393
Total threads number: 527
